Исходный датасет

Итерация №1
Начальные центроиды
CosineSimilarity
Итоговые центроиды
C1	0.0	-0.013773584905660384	-0.01679245283018868	-0.03584905660377359	-0.016037735849056604	-0.018679245283018866	0.011698113207547158	0.013396226415094336	0.021886792452830157	0.011886792452830185	0.019245283018867902	0.02264150943396224	3.012311320754716	3.005424528301887	3.0175471698113188	2.9290094339622614	3.0285377358490555	3.0256132075471704	2.9665566037735878	3.0413679245283025	-10.23169811320756	-10.222716981132077	-10.270490566037742	-10.32573584905661	-10.337584905660382	-10.268301886792447	-10.296603773584906	-10.32445283018868	49.99169811320755	49.98566037735849	49.98603773584905	49.98566037735849	49.98490566037736	49.98603773584905	49.98452830188679	49.98490566037736	49.993962264150944	49.9845283018868	49.98603773584905	49.98603773584905	49.98566037735849	49.9845283018868	49.987169811320754	49.98603773584905	0.2107547169811328	0.21396226415094413	0.21037735849056668	0.21188679245283093	0.21471698113207618	0.21094339622641584	0.21188679245283085	0.2109433962264158	0.16981132078867986	0.19169811323018932	0.1884276729584912	0.19899371068301946	0.2139622641094345	0.205660377350944	0.20352201259245356	0.20150943395094414	0.18955974843396298	0.19786163521509495	0.1925786163584912	0.20201257862641564	0.21622641510943455	0.21144654089434026	0.20251572325660436	0.20188679244905725	
C2	-0.00012804097311139566	-0.013572343149807924	-0.014724711907810467	-0.03777208706786202	-0.015300896286811748	-0.014852752880921864	0.0075544174135723265	0.0068501920614596565	0.01504481434058903	0.0075544174135723265	0.01805377720870687	0.018181818181818268	2.930793854033288	2.9233514724711878	2.930793854033291	2.9384603072983384	2.929049295774647	2.933258642765687	2.9237676056338024	2.942781690140848	-13.208271446863007	-13.207810499359788	-13.249859154929565	-13.316517285531354	-13.32396927016647	-13.267119078105	-13.29546734955185	-13.313265044814347	49.999359795134446	49.992317541613346	49.990653008962894	49.99359795134445	49.99001280409735	49.989372599231785	49.99014084507046	49.991805377720894	49.99987195902689	49.99603072983356	49.994878361075564	49.997439180537775	49.99795134443023	49.99795134443023	49.99731113956467	49.99807938540333	0.20172855313700433	0.20300896286811826	0.204097311139565	0.20262483994878397	0.2051216389244561	0.20416133162612082	0.20486555697823333	0.20345710627400798	0.10832266327144777	0.13691848059154899	0.13196756296926962	0.14716175839564605	0.1621852325749035	0.1586854459833543	0.15125906953008905	0.15228339732266286	0.13721724285659356	0.1510456679052491	0.13691848055697764	0.14596670931113906	0.16939820738924383	0.1641485275070417	0.1479300042368753	0.14985061881818143	
C3	-0.00020107238605898125	-0.011930294906166206	-0.013941018766756007	-0.038069705093834096	-0.014410187667560293	-0.014946380697050907	0.005898123324396772	0.0058310991957104515	0.014410187667560345	0.006300268096514734	0.017895442359249402	0.0183646112600537	3.007741286863272	3.0001340482573764	3.0080931635388786	3.0148793565683616	2.998424932975872	3.0017593833780167	2.9938170241286897	3.012014075067023	-12.52809651474531	-12.524289544235915	-12.5652815013405	-12.637372654155502	-12.625844504021444	-12.570214477211797	-12.588310991957115	-12.60839142091152	49.99946380697052	49.99209115281504	49.990884718498684	49.994772117962476	49.99142091152818	49.991152815013436	49.99155495978556	49.992761394101905	49.999597855227876	49.994906166219856	49.99383378016088	49.9961126005362	49.9975871313673	49.996514745308325	49.996514745308325	49.99651474530831	0.205831099195711	0.20482573726541622	0.20630026809651514	0.2052949061662202	0.20878016085790913	0.2067024128686332	0.20730563002681004	0.20408847184986648	0.10848972297989337	0.13668453977613915	0.13409294013672882	0.14638069704423531	0.16349419123190292	0.15683646110857868	0.1524575513713131	0.15406613044503986	0.1380250223418226	0.15013404823190288	0.13570151918900764	0.14857015189142045	0.16809651472117895	0.16273458442895394	0.14839142088739896	0.15151921355898068	
C4	0.0	-0.0016375545851528383	-0.001965065502183406	-0.03515283842794779	-0.001965065502183406	-0.002183406113537118	0.0125545851528384	0.005240174672489084	0.02161572052401748	0.003930131004366814	0.023362445414847204	0.022598253275109198	3.046806768558948	3.057177947598252	3.0677674672489075	3.0711517467248917	3.0728984716157206	3.069650655021834	3.0636462882096076	3.0784115720524023	-11.461353711790398	-11.466681222707429	-11.509126637554587	-11.554454148471605	-11.538427947598256	-11.484323144104794	-11.49816593886463	-11.541965065502174	49.999344978165944	49.9967248908297	49.9967248908297	49.99737991266375	49.9967248908297	49.996288209606995	49.99650655021834	49.99650655021834	49.99956331877729	49.9967248908297	49.997161572052406	49.997598253275115	49.99781659388646	49.99737991266376	49.997161572052406	49.99737991266375	0.2128820960698701	0.2134279475982544	0.2137554585152849	0.21211790393013216	0.21299126637554694	0.21364628820960813	0.2144104803493461	0.2117903930131016	0.16390101893449818	0.1900291120829692	0.18515283844104802	0.20050946141266363	0.22307132458515264	0.21310043667030557	0.20698689956768526	0.20465793305240154	0.18864628820960674	0.2040756914170305	0.18668122273580787	0.2007278020240171	0.22780203783624453	0.21819505095851516	0.2031295487729255	0.20232896651528368	
C5	-0.00010893246187363835	-0.009586056644880174	-0.010566448801742916	-0.02614379084967327	-0.010566448801742914	-0.011655773420479297	0.012854030501089297	0.013180827886710222	0.01590413943355117	0.006535947712418301	0.016448801742919357	0.014923747276688425	2.2590686274509806	2.2513344226579526	2.2579248366013074	2.2668845315904154	2.261056644880176	2.259041394335513	2.254384531590412	2.271323529411765	-12.078169934640533	-12.073202614379074	-12.112156862745097	-12.187973856209164	-12.188148148148148	-12.10252723311548	-12.105533769063173	-12.146797385620909	49.99324618736382	49.98104575163398	49.9797385620915	49.98278867102396	49.97843137254902	49.97864923747276	49.97864923747276	49.98061002178648	49.99586056644879	49.98278867102396	49.9838779956427	49.98431372549019	49.98496732026143	49.983660130718945	49.9834422657952	49.98453159041394	0.2035947712418316	0.20424836601307342	0.20239651416122148	0.203159041394337	0.2054466230936834	0.20588235294117793	0.20359477124183153	0.20119825708061154	0.10907770523529446	0.12244008718082845	0.12214960062745155	0.12774146696078503	0.1445896876514171	0.13602033403485933	0.13224400870588318	0.1341321713507634	0.12222222225925986	0.12977487291067616	0.12338416851198325	0.13013798111546923	0.14742193169281143	0.14139433547058927	0.1331880900283233	0.13275236020043663	
C6	-0.00029069767441860465	-0.011845930232558121	-0.013808139534883695	-0.03880813953488396	-0.014171511627906952	-0.014462209302325555	0.006031976744186037	0.004142441860465119	0.014026162790697677	0.006031976744186037	0.017877906976744243	0.01606104651162794	3.0427325581395377	3.0364643895348844	3.0429687500000004	3.0539062500000003	3.0416061046511635	3.0467114825581407	3.039680232558138	3.058993459302328	-13.839186046511633	-13.848953488372088	-13.901453488372091	-13.96497093023255	-13.958081395348847	-13.899534883720934	-13.925232558139497	-13.93593023255812	50.0	49.99505813953491	49.99375000000004	49.996075581395374	49.993023255814	49.993459302325626	49.99360465116284	49.99534883720933	50.0	49.998401162790714	49.9981104651163	50.0	50.0	49.99898255813954	49.99956395348838	49.99956395348837	0.2049418604651178	0.20508720930232693	0.20566860465116418	0.20334302325581533	0.20494186046511748	0.20588662790697806	0.20559593023255954	0.20334302325581535	0.11792635664244243	0.1468507751976737	0.14350775194767368	0.1570251937776158	0.16942829452761574	0.16589147282122044	0.15789728678052262	0.15949612400436003	0.14612403099999935	0.15915697671220858	0.14559108526308084	0.1573643410523253	0.17558139531395314	0.1711240309883718	0.15261627903924388	0.15586240308430208	
C7	0.0	-0.006101694915254242	-0.007372881355932204	-0.02593220338983065	-0.007457627118644068	-0.007966101694915254	0.011016949152542348	0.010932203389830494	0.012542372881355903	0.006186440677966103	0.010932203389830487	0.011355932203389806	2.114915254237287	2.1101906779661017	2.1149788135593224	2.1261016949152536	2.124703389830509	2.1216949152542393	2.1158050847457646	2.131419491525425	-11.184271186440673	-11.180745762711853	-11.217355932203379	-11.268576271186447	-11.272135593220318	-11.2093220338983	-11.2202033898305	-11.246745762711864	49.99050847457626	49.9837288135593	49.98423728813558	49.98525423728813	49.98305084745761	49.983898305084736	49.98372881355931	49.98440677966101	49.99406779661016	49.98508474576269	49.98525423728813	49.98576271186439	49.98627118644067	49.98610169491525	49.9850847457627	49.98491525423727	0.20745762711864565	0.20720338983051	0.20864406779661165	0.2077966101694931	0.20872881355932354	0.20830508474576423	0.20957627118644215	0.2076271186440693	0.08412429382033934	0.09954802267288176	0.09790960459491566	0.1037853107644074	0.12480225981694985	0.11655367229830604	0.11079096047966175	0.10926553672033976	0.09796610176610211	0.10372881357796675	0.09858757063389885	0.10225988701694977	0.1257627118203395	0.1187570621457637	0.1107344632779669	0.10836158189491606	


SSE: 3986.940526146742

Fitness: 0.9999834315429325
k-means посчитал лучшее решение

EuclidDist
Итоговые центроиды
C1	0.0	-0.013773584905660384	-0.01679245283018868	-0.03584905660377359	-0.016037735849056604	-0.018679245283018866	0.011698113207547158	0.013396226415094336	0.021886792452830157	0.011886792452830185	0.019245283018867902	0.02264150943396224	3.012311320754716	3.005424528301887	3.0175471698113188	2.9290094339622614	3.0285377358490555	3.0256132075471704	2.9665566037735878	3.0413679245283025	-10.23169811320756	-10.222716981132077	-10.270490566037742	-10.32573584905661	-10.337584905660382	-10.268301886792447	-10.296603773584906	-10.32445283018868	49.99169811320755	49.98566037735849	49.98603773584905	49.98566037735849	49.98490566037736	49.98603773584905	49.98452830188679	49.98490566037736	49.993962264150944	49.9845283018868	49.98603773584905	49.98603773584905	49.98566037735849	49.9845283018868	49.987169811320754	49.98603773584905	0.2107547169811328	0.21396226415094413	0.21037735849056668	0.21188679245283093	0.21471698113207618	0.21094339622641584	0.21188679245283085	0.2109433962264158	0.16981132078867986	0.19169811323018932	0.1884276729584912	0.19899371068301946	0.2139622641094345	0.205660377350944	0.20352201259245356	0.20150943395094414	0.18955974843396298	0.19786163521509495	0.1925786163584912	0.20201257862641564	0.21622641510943455	0.21144654089434026	0.20251572325660436	0.20188679244905725	
C2	-0.00012738853503184715	-0.013503184713375782	-0.01464968152866239	-0.037643312101911124	-0.0152229299363057	-0.014777070063694235	0.007515923566878965	0.006878980891719734	0.014968152866242078	0.007515923566878965	0.018025477707006455	0.018025477707006455	2.9330414012738824	2.9256369426751556	2.933025477707007	2.940716560509557	2.9314490445859867	2.9358121019108294	2.926226114649681	2.9452229299363086	-13.211796178343961	-13.212331210191074	-13.254191082802535	-13.321401273885336	-13.328585987261166	-13.270802547770714	-13.300636942675153	-13.317503184713381	49.99949044585987	49.99222929936309	49.99057324840767	49.9935031847134	49.98993630573251	49.98929936305736	49.99019108280258	49.991847133757986	49.99987261146497	49.996178343949055	49.99490445859875	49.997579617834404	49.99808917197452	49.9979617834395	49.99745222929937	49.99808917197452	0.20171974522293043	0.2029299363057329	0.20407643312101945	0.20248407643312136	0.20509554140127417	0.20414012738853546	0.20471337579617865	0.20331210191082835	0.10840764333248498	0.1370276008598723	0.13201698515541346	0.1473036093070058	0.16225053075413962	0.15876857747006332	0.15121019104585928	0.15227176217834357	0.1373248407707001	0.15121019104076372	0.13698513798216502	0.14611464964458548	0.16946921439872534	0.16420382163439431	0.1478980891414008	0.149808917151592	
C3	-0.0002005347593582888	-0.01189839572192512	-0.013903743315507996	-0.03810160427807518	-0.014371657754010666	-0.014906417112299435	0.005949197860962556	0.005882352941176466	0.014438502673796816	0.006283422459893036	0.017847593582887775	0.01838235294117655	3.005230614973264	2.997610294117651	3.005564839572197	3.0122994652406385	2.9958890374331557	2.99923128342246	2.991226604278078	3.009374999999999	-12.530000000000003	-12.526256684491965	-12.567459893048143	-12.638235294117655	-12.627379679144381	-12.572352941176469	-12.590374331550814	-12.610748663101598	49.99933155080214	49.99211229946527	49.99090909090911	49.99491978609626	49.99144385026741	49.991176470588265	49.99157754010699	49.99278074866312	49.99959893048128	49.994919786096276	49.99398395721927	49.99612299465242	49.99759358288771	49.9966577540107	49.99652406417113	49.9966577540107	0.2059491978609631	0.2049465240641718	0.20641711229946563	0.20541443850267416	0.20889037433155103	0.2068181818181823	0.20741978609625703	0.2042112299465246	0.10828877006684552	0.1364527629318179	0.13391265598261992	0.14612299464572132	0.16336898394652352	0.1565953654010691	0.1523172905374326	0.1538324420387697	0.13778966131951825	0.14986631013502613	0.1354723707419782	0.14844028517513325	0.16795900175935763	0.16252228161764654	0.14817290550133638	0.1513368983703203	
C4	0.0	-0.0016339869281045752	-0.00196078431372549	-0.03507625272331174	-0.00196078431372549	-0.0021786492374727667	0.012527233115468382	0.005228758169934641	0.021568627450980406	0.003921568627450982	0.023311546840958645	0.022549019607843165	3.04735838779956	3.0576797385620904	3.068273420479302	3.0717047930283234	3.0735021786492376	3.070261437908496	3.0642973856209155	3.079057734204794	-11.462832244008718	-11.46771241830066	-11.510370370370373	-11.556034858387788	-11.539956427015253	-11.485272331154674	-11.498954248366015	-11.542875816993455	49.999346405228756	49.99651416122005	49.99651416122005	49.997167755991285	49.99651416122005	49.99607843137255	49.9962962962963	49.9962962962963	49.999564270152504	49.99651416122005	49.996949891067544	49.99738562091503	49.99760348583878	49.997167755991285	49.99694989106754	49.997167755991285	0.21274509803921682	0.21328976034858502	0.21361655773420588	0.2119825708061014	0.21285403050109042	0.21350762527233227	0.21427015250544776	0.21165577342048045	0.16376180102832283	0.18983297022657927	0.18496732027450977	0.2002904865511981	0.2228031953376904	0.21292665213071882	0.20675381264052253	0.20442992012636144	0.18845315904139412	0.2039215686318082	0.18656499639651417	0.20050835147494517	0.22752360202396513	0.2180101670413942	0.20290486566013044	0.20217864923093667	
C5	0.0	-0.006070826306914002	-0.00733558178752108	-0.025801011804384627	-0.007419898819561552	-0.007925801011804384	0.010961214165261359	0.010876897133220896	0.012478920741989852	0.0061551433389544705	0.01087689713322089	0.011298482293423248	2.1151981450252944	2.1104342327150087	2.115219224283306	2.1263701517706575	2.1250421585160204	2.1219856661045546	2.1161045531197322	2.13189291736931	-11.186037099494092	-11.182462057335568	-11.219662731871828	-11.270961214165268	-11.275919055649222	-11.211028667790888	-11.221888701517702	-11.249308600337269	49.99055649241146	49.98330522765597	49.98381112984822	49.9848229342327	49.98263069139965	49.98347386172006	49.98330522765597	49.983979763912295	49.99409780775716	49.984991568296785	49.984991568296785	49.985666104553104	49.98600337268127	49.98583473861719	49.98465430016862	49.98465430016862	0.20725126475548222	0.20699831365936075	0.20834738617200824	0.20758853288364407	0.20843170320404875	0.2080101180438464	0.20927487352445343	0.2073355817875226	0.08442945478414876	0.09977515465430059	0.09820123672344054	0.10399100621247956	0.12501405276728567	0.1167509836795963	0.11096121419224364	0.10955593029342411	0.09831365942833097	0.10404721755649306	0.09887577291736986	0.10258572232546437	0.12591343446880318	0.11899943788532982	0.11101742551939373	0.10860033724114754	
C6	-0.0002936857562408223	-0.011967694566813491	-0.013950073421439033	-0.038986784140969406	-0.014317180616740062	-0.014610866372980884	0.006020558002936848	0.004038179148311309	0.014096916299559474	0.006093979441997053	0.017988252569750424	0.016226138032305465	3.0432819383259937	3.0370044052863445	3.0435572687224677	3.054533773861968	3.0419603524229077	3.046897944199707	3.040033039647576	3.059434654919239	-13.843083700440532	-13.852041116005866	-13.904493392070483	-13.968575624082225	-13.961233480176217	-13.903465491923646	-13.92766519823785	-13.938913362701895	50.0	49.99530102790018	49.993979441997105	49.99618208516889	49.99324522760651	49.99368575624086	49.99368575624087	49.99544787077829	50.0	49.99838472834069	49.99809104258445	50.0	50.0	49.99897209985316	49.99955947136564	49.999559471365636	0.20491923641703538	0.20513950073421575	0.20565345080763728	0.2034508076358311	0.20491923641703497	0.20587371512481775	0.2057268722466975	0.2034508076358311	0.11815956931277595	0.14713656388105653	0.14380812531424303	0.15731767007342098	0.16965247180763526	0.16617719035829615	0.15824767494566752	0.15991189424522717	0.14640234947723868	0.15937347035535904	0.14586392559030784	0.1575134605653448	0.17581987270190863	0.17141458637444906	0.1530102789706311	0.15619187467841386	
C7	-0.00010964912280701755	-0.009649122807017544	-0.010635964912280698	-0.02631578947368428	-0.010635964912280697	-0.01173245614035087	0.012938596491228044	0.013267543859649105	0.01600877192982453	0.006578947368421052	0.016557017543859617	0.015021929824561376	2.259649122807018	2.251946271929825	2.2585526315789477	2.267461622807019	2.261513157894738	2.2595668859649134	2.254906798245613	2.271628289473685	-12.081754385964924	-12.076842105263143	-12.115043859649122	-12.190921052631591	-12.189254385964915	-12.106184210526328	-12.10916666666666	-12.149385964912275	49.99320175438595	49.98157894736842	49.98026315789474	49.98333333333333	49.97894736842104	49.97916666666666	49.97916666666666	49.98114035087718	49.99583333333332	49.9828947368421	49.984210526315785	49.98442982456139	49.98530701754385	49.98399122807017	49.98399122807017	49.98486842105263	0.20383771929824712	0.20449561403508926	0.2027412280701769	0.203399122807019	0.20581140350877342	0.20625000000000143	0.20394736842105407	0.20153508771929976	0.10884502932017576	0.12229532167324618	0.12192982460964968	0.1276315789517551	0.14444444437061507	0.1358918128421062	0.1321637426820184	0.13391812862061492	0.12192982460087777	0.12953216374122886	0.12317251465131646	0.12989766081798326	0.14736842101096587	0.14122807013377295	0.13296783623684297	0.13260233917982545	


SSE: 5008.12702660715

Fitness: 1.3936756610932766
k-means посчитал лучшее решение

Cos+Dist
Итоговые центроиды
C1	0.0	-0.013773584905660384	-0.01679245283018868	-0.03584905660377359	-0.016037735849056604	-0.018679245283018866	0.011698113207547158	0.013396226415094336	0.021886792452830157	0.011886792452830185	0.019245283018867902	0.02264150943396224	3.012311320754716	3.005424528301887	3.0175471698113188	2.9290094339622614	3.0285377358490555	3.0256132075471704	2.9665566037735878	3.0413679245283025	-10.23169811320756	-10.222716981132077	-10.270490566037742	-10.32573584905661	-10.337584905660382	-10.268301886792447	-10.296603773584906	-10.32445283018868	49.99169811320755	49.98566037735849	49.98603773584905	49.98566037735849	49.98490566037736	49.98603773584905	49.98452830188679	49.98490566037736	49.993962264150944	49.9845283018868	49.98603773584905	49.98603773584905	49.98566037735849	49.9845283018868	49.987169811320754	49.98603773584905	0.2107547169811328	0.21396226415094413	0.21037735849056668	0.21188679245283093	0.21471698113207618	0.21094339622641584	0.21188679245283085	0.2109433962264158	0.16981132078867986	0.19169811323018932	0.1884276729584912	0.19899371068301946	0.2139622641094345	0.205660377350944	0.20352201259245356	0.20150943395094414	0.18955974843396298	0.19786163521509495	0.1925786163584912	0.20201257862641564	0.21622641510943455	0.21144654089434026	0.20251572325660436	0.20188679244905725	
C2	-0.00012804097311139566	-0.013572343149807924	-0.014724711907810467	-0.03777208706786202	-0.015300896286811748	-0.014852752880921864	0.0075544174135723265	0.0068501920614596565	0.01504481434058903	0.0075544174135723265	0.01805377720870687	0.018181818181818268	2.930793854033288	2.9233514724711878	2.930793854033291	2.9384603072983384	2.929049295774647	2.933258642765687	2.9237676056338024	2.942781690140848	-13.208271446863007	-13.207810499359788	-13.249859154929565	-13.316517285531354	-13.32396927016647	-13.267119078105	-13.29546734955185	-13.313265044814347	49.999359795134446	49.992317541613346	49.990653008962894	49.99359795134445	49.99001280409735	49.989372599231785	49.99014084507046	49.991805377720894	49.99987195902689	49.99603072983356	49.994878361075564	49.997439180537775	49.99795134443023	49.99795134443023	49.99731113956467	49.99807938540333	0.20172855313700433	0.20300896286811826	0.204097311139565	0.20262483994878397	0.2051216389244561	0.20416133162612082	0.20486555697823333	0.20345710627400798	0.10832266327144777	0.13691848059154899	0.13196756296926962	0.14716175839564605	0.1621852325749035	0.1586854459833543	0.15125906953008905	0.15228339732266286	0.13721724285659356	0.1510456679052491	0.13691848055697764	0.14596670931113906	0.16939820738924383	0.1641485275070417	0.1479300042368753	0.14985061881818143	
C3	-0.00020107238605898125	-0.011930294906166206	-0.013941018766756007	-0.038069705093834096	-0.014410187667560293	-0.014946380697050907	0.005898123324396772	0.0058310991957104515	0.014410187667560345	0.006300268096514734	0.017895442359249402	0.0183646112600537	3.007741286863272	3.0001340482573764	3.0080931635388786	3.0148793565683616	2.998424932975872	3.0017593833780167	2.9938170241286897	3.012014075067023	-12.52809651474531	-12.524289544235915	-12.5652815013405	-12.637372654155502	-12.625844504021444	-12.570214477211797	-12.588310991957115	-12.60839142091152	49.99946380697052	49.99209115281504	49.990884718498684	49.994772117962476	49.99142091152818	49.991152815013436	49.99155495978556	49.992761394101905	49.999597855227876	49.994906166219856	49.99383378016088	49.9961126005362	49.9975871313673	49.996514745308325	49.996514745308325	49.99651474530831	0.205831099195711	0.20482573726541622	0.20630026809651514	0.2052949061662202	0.20878016085790913	0.2067024128686332	0.20730563002681004	0.20408847184986648	0.10848972297989337	0.13668453977613915	0.13409294013672882	0.14638069704423531	0.16349419123190292	0.15683646110857868	0.1524575513713131	0.15406613044503986	0.1380250223418226	0.15013404823190288	0.13570151918900764	0.14857015189142045	0.16809651472117895	0.16273458442895394	0.14839142088739896	0.15151921355898068	
C4	0.0	-0.0016375545851528383	-0.001965065502183406	-0.03515283842794779	-0.001965065502183406	-0.002183406113537118	0.0125545851528384	0.005240174672489084	0.02161572052401748	0.003930131004366814	0.023362445414847204	0.022598253275109198	3.046806768558948	3.057177947598252	3.0677674672489075	3.0711517467248917	3.0728984716157206	3.069650655021834	3.0636462882096076	3.0784115720524023	-11.461353711790398	-11.466681222707429	-11.509126637554587	-11.554454148471605	-11.538427947598256	-11.484323144104794	-11.49816593886463	-11.541965065502174	49.999344978165944	49.9967248908297	49.9967248908297	49.99737991266375	49.9967248908297	49.996288209606995	49.99650655021834	49.99650655021834	49.99956331877729	49.9967248908297	49.997161572052406	49.997598253275115	49.99781659388646	49.99737991266376	49.997161572052406	49.99737991266375	0.2128820960698701	0.2134279475982544	0.2137554585152849	0.21211790393013216	0.21299126637554694	0.21364628820960813	0.2144104803493461	0.2117903930131016	0.16390101893449818	0.1900291120829692	0.18515283844104802	0.20050946141266363	0.22307132458515264	0.21310043667030557	0.20698689956768526	0.20465793305240154	0.18864628820960674	0.2040756914170305	0.18668122273580787	0.2007278020240171	0.22780203783624453	0.21819505095851516	0.2031295487729255	0.20232896651528368	
C5	-0.00010893246187363835	-0.009586056644880174	-0.010566448801742916	-0.02614379084967327	-0.010566448801742914	-0.011655773420479297	0.012854030501089297	0.013180827886710222	0.01590413943355117	0.006535947712418301	0.016448801742919357	0.014923747276688425	2.2590686274509806	2.2513344226579526	2.2579248366013074	2.2668845315904154	2.261056644880176	2.259041394335513	2.254384531590412	2.271323529411765	-12.078169934640533	-12.073202614379074	-12.112156862745097	-12.187973856209164	-12.188148148148148	-12.10252723311548	-12.105533769063173	-12.146797385620909	49.99324618736382	49.98104575163398	49.9797385620915	49.98278867102396	49.97843137254902	49.97864923747276	49.97864923747276	49.98061002178648	49.99586056644879	49.98278867102396	49.9838779956427	49.98431372549019	49.98496732026143	49.983660130718945	49.9834422657952	49.98453159041394	0.2035947712418316	0.20424836601307342	0.20239651416122148	0.203159041394337	0.2054466230936834	0.20588235294117793	0.20359477124183153	0.20119825708061154	0.10907770523529446	0.12244008718082845	0.12214960062745155	0.12774146696078503	0.1445896876514171	0.13602033403485933	0.13224400870588318	0.1341321713507634	0.12222222225925986	0.12977487291067616	0.12338416851198325	0.13013798111546923	0.14742193169281143	0.14139433547058927	0.1331880900283233	0.13275236020043663	
C6	-0.00029069767441860465	-0.011845930232558121	-0.013808139534883695	-0.03880813953488396	-0.014171511627906952	-0.014462209302325555	0.006031976744186037	0.004142441860465119	0.014026162790697677	0.006031976744186037	0.017877906976744243	0.01606104651162794	3.0427325581395377	3.0364643895348844	3.0429687500000004	3.0539062500000003	3.0416061046511635	3.0467114825581407	3.039680232558138	3.058993459302328	-13.839186046511633	-13.848953488372088	-13.901453488372091	-13.96497093023255	-13.958081395348847	-13.899534883720934	-13.925232558139497	-13.93593023255812	50.0	49.99505813953491	49.99375000000004	49.996075581395374	49.993023255814	49.993459302325626	49.99360465116284	49.99534883720933	50.0	49.998401162790714	49.9981104651163	50.0	50.0	49.99898255813954	49.99956395348838	49.99956395348837	0.2049418604651178	0.20508720930232693	0.20566860465116418	0.20334302325581533	0.20494186046511748	0.20588662790697806	0.20559593023255954	0.20334302325581535	0.11792635664244243	0.1468507751976737	0.14350775194767368	0.1570251937776158	0.16942829452761574	0.16589147282122044	0.15789728678052262	0.15949612400436003	0.14612403099999935	0.15915697671220858	0.14559108526308084	0.1573643410523253	0.17558139531395314	0.1711240309883718	0.15261627903924388	0.15586240308430208	
C7	0.0	-0.006101694915254242	-0.007372881355932204	-0.02593220338983065	-0.007457627118644068	-0.007966101694915254	0.011016949152542348	0.010932203389830494	0.012542372881355903	0.006186440677966103	0.010932203389830487	0.011355932203389806	2.114915254237287	2.1101906779661017	2.1149788135593224	2.1261016949152536	2.124703389830509	2.1216949152542393	2.1158050847457646	2.131419491525425	-11.184271186440673	-11.180745762711853	-11.217355932203379	-11.268576271186447	-11.272135593220318	-11.2093220338983	-11.2202033898305	-11.246745762711864	49.99050847457626	49.9837288135593	49.98423728813558	49.98525423728813	49.98305084745761	49.983898305084736	49.98372881355931	49.98440677966101	49.99406779661016	49.98508474576269	49.98525423728813	49.98576271186439	49.98627118644067	49.98610169491525	49.9850847457627	49.98491525423727	0.20745762711864565	0.20720338983051	0.20864406779661165	0.2077966101694931	0.20872881355932354	0.20830508474576423	0.20957627118644215	0.2076271186440693	0.08412429382033934	0.09954802267288176	0.09790960459491566	0.1037853107644074	0.12480225981694985	0.11655367229830604	0.11079096047966175	0.10926553672033976	0.09796610176610211	0.10372881357796675	0.09858757063389885	0.10225988701694977	0.1257627118203395	0.1187570621457637	0.1107344632779669	0.10836158189491606	


SSE: 3986.940526146742

Fitness: -0.18432902742927973
k-means посчитал лучшее решение

